351
769
646
110
811
319
232
369
79
578
122
651
936
970
888
272
394
939
235
913
108
1022
763
1
498
633
28
595
315
579
342
863
80
113
365
613
428
186
176
269
111
671
504
695
589
800
552
61
1001
917
788
81
758
702
41
847
413
822
380
832
461
433
531
708
1010
87
162
499
136
605
564
562
7
718
955
729
664
791
187
157
486
338
744
422
307
163
178
114
382
866
278
11
334
85
899
757
119
872
459
132
55
885
793
521
21
998
799
711
735
653
207
740
348
677
643
373
283
741
214
279
696
846
243
409
543
201
730
165
298
273
915
184
280
668
205
345
82
773
141
597
501
396
408
437
525
309
471
510
880
418
487
652
590
236
442
1011
124
686
512
923
388
302
161
473
181
22
419
402
139
607
448
506
517
645
1003
244
588
375
274
896
807
637
904
326
454
697
37
875
72
57
478
265
257
434
475
701
472
1012
519
784
1024
455
746
489
397
547
973
754
805
818
432
623
870
684
370
250
690
560
447
700
567
666
568
300
485
312
226
1002
867
52
565
16
905
203
188
430
719
206
197
379
630
722
969
641
1004
350
825
219
631
446
584
857
64
54
2
647
587
950
779
592
910
739
693
357
254
24
143
747
943
599
44
933
1021
935
263
753
344
767
947
387
276
826
173
555
494
36
144
922
852
608
977
107
115
603
632
288
715
224
962
391
948
372
103
924
60
116
69
916
100
492
877
246
612
903
572
311
237
354
851
934
34
859
638
376
991
953
51
1007
292
680
324
293
45
831
125
305
548
270
824
1023
340
420
654
855
128
170
35
58
281
395
183
405
796
412
1017
986
444
898
830
844
507
709
398
84
532
856
76
94
640
661
834
259
794
691
658
88
705
228
781
364
343
153
751
488
549
984
218
106
497
267
179
626
71
403
827
155
838
813
258
868
415
359
743
873
785
734
98
6
290
443
138
972
429
427
67
861
576
649
436
648
706
390
465
803
887
386
551
884
624
3
559
223
260
174
956
928
1006
520
9
468
783
441
698
810
59
944
508
536
282
964
682
457
616
821
284
544
253
78
895
615
932
829
974
882
13
262
975
90
8
516
513
862
806
673
765
361
514
849
670
456
467
527
145
694
285
172
233
569
33
424
425
593
775
356
26
439
151
266
749
725
704
210
31
625
217
261
53
295
759
193
1020
812
251
591
371
30
331
256
147
804
731
229
337
992
495
291
930
374
869
502
556
140
449
883
500
993
533
130
776
835
909
104
156
368
523
848
1008
672
249
957
983
840
656
574
407
29
329
542
894
160
674
941
117
222
323
879
198
32
469
931
833
954
97
912
148
349
764
688
410
208
287
129
240
411
609
458
528
801
561
594
938
558
440
385
979
168
211
524
622
837
772
423
225
127
968
17
431
294
105
452
200
598
526
341
756
177
248
792
48
714
297
659
995
828
216
158
73
940
15
134
893
404
926
817
963
891
227
819
842
996
738
878
301
908
978
919
304
20
554
320
242
760
150
606
346
352
479
192
101
541
426
712
900
245
474
820
886
66
1018
611
154
401
212
167
239
389
450
123
400
83
318
406
965
745
836
328
692
999
563
780
782
159
194
393
362
602
920
914
383
137
583
843
451
196
728
189
308
545
585
152
662
809
481
786
733
89
453
480
557
99
921
92
927
333
952
854
752
642
982
742
332
990
770
460
96
657
724
347
470
462
366
710
636
252
23
496
1013
959
720
133
871
271
25
112
77
839
994
231
907
971
381
911
199
339
881
601
808
726
768
897
575
945
5
43
363
610
976
353
841
484
4
755
845
493
1005
336
131
802
946
360
1019
985
997
581
476
967
675
850
1000
676
230
195
865
322
314
689
491
732
663
306
988
889
414
949
737
93
286
70
580
50
27
604
121
667
530
209
858
960
482
535
377
255
621
906
95
816
221
39
169
703
620
505
966
435
787
634
748
42
56
234
571
202
1016
553
166
892
303
669
1015
537
18
766
717
289
650
120
438
790
335
38
392
247
175
296
358
325
678
518
679
40
1014
685
149
538
771
534
901
707
62
238
937
264
762
118
19
466
355
798
629
665
577
987
367
268
573
146
683
540
204
384
91
860
190
490
546
327
586
627
275
681
864
582
511
736
416
795
74
215
823
164
600
399
180
503
929
316
185
313
220
918
330
550
942
445
981
65
713
774
778
570
727
102
814
299
723
310
961
317
761
566
509
14
483
539
902
596
655
789
417
958
135
63
171
182
777
617
515
10
876
797
126
529
464
890
213
874
635
47
639
49
815
321
660
644
716
853
142
241
989
191
75
477
463
86
750
628
1009
614
951
378
925
721
68
699
618
522
687
46
109
619
12
277
980
421